AC  M0852_0.90.txt_1
XX
ID  ALX3
XX
DE  taattrr
P0       A     C     G     T
1    14.4397 12.0611 11.9411 61.5582
2    64.421 10.7557 13.4025 11.4208
3    73.3858 2.23833 9.26024 15.1156
4    8.05425 10.4458 11.6604 69.8395
5    17.0686 15.7563 17.4135 49.7616
6    37.5164 12.4881 30.4102 19.5853
7    31.3095 17.5301 32.9148 18.2456
XX
CC  program: transfac
CC  matrix.nb: 1
CC  accession: M0852_0.90.txt_1
CC  AC: M0852_0.90.txt_1
CC  id: M0852_0.90.txt_1
CC  name: ALX3
CC  version: 
CC  name: ALX3
CC  description: taattrr
CC  transfac_consensus: 
CC  matrix.nb: 1
XX
//
AC  M0115_0.90.txt_1
XX
ID  ARID3A
XX
DE  yratyaaa
P0       A     C     G     T
1    24.5252 27.1045 21.5355 26.8348
2    30.832 19.6593 25.4968 24.012
3    94.1882 0.0248548 0.0593262 5.72759
4    5.17629 3.50464 0.0248248 91.2942
5    19.1668 30.9749 8.87446 40.9838
6    56.2171 10.0666 16.2683 17.4479
7    50.2612 15.9145 17.5883 16.236
8    41.6728 14.8775 23.567 19.8827
XX
CC  program: transfac
CC  matrix.nb: 2
CC  accession: M0115_0.90.txt_1
CC  AC: M0115_0.90.txt_1
CC  id: M0115_0.90.txt_1
CC  name: ARID3A
CC  version: 
CC  name: ARID3A
CC  description: yratyaaa
CC  transfac_consensus: 
CC  matrix.nb: 2
XX
//
AC  M0101_0.90.txt_1
XX
ID  ARID3B
XX
DE  ydatyaaaw
P0       A     C     G     T
1    19.6725 27.0916 20.4754 32.7605
2    40.3679 8.15014 25.9984 25.4836
3    99.9299 0.00950887 0.0187693 0.0417719
4    0.0504388 0.124059 0.0417108 99.7838
5    16.5827 37.6511 3.31468 42.4515
6    73.2498 5.33279 11.9876 9.4298
7    66.103 9.31116 11.3727 13.2132
8    51.0165 9.89618 17.4991 21.5882
9    33.5782 22.7343 14.496 29.1915
XX
CC  program: transfac
CC  matrix.nb: 3
CC  accession: M0101_0.90.txt_1
CC  AC: M0101_0.90.txt_1
CC  id: M0101_0.90.txt_1
CC  name: ARID3B
CC  version: 
CC  name: ARID3B
CC  description: ydatyaaaw
CC  transfac_consensus: 
CC  matrix.nb: 3
XX
//
AC  M1013_0.90.txt_1
XX
ID  BSX
XX
DE  swtaatkrsy
P0       A     C     G     T
1    20.9338 25.3142 32.1807 21.5713
2    26.9176 23.1682 20.7548 29.1594
3    10.8996 12.4128 3.81418 72.8735
4    81.8862 1.83186 13.8091 2.47275
5    92.5508 2.8799 0.0527473 4.51659
6    9.00565 15.9244 12.4019 62.668
7    9.74972 24.4649 31.4135 34.3719
8    32.2285 8.4389 45.2794 14.0532
9    20.456 25.7459 35.1027 18.6954
10   17.9474 29.8877 18.1278 34.037
XX
CC  program: transfac
CC  matrix.nb: 4
CC  accession: M1013_0.90.txt_1
CC  AC: M1013_0.90.txt_1
CC  id: M1013_0.90.txt_1
CC  name: BSX
CC  version: 
CC  name: BSX
CC  description: swtaatkrsy
CC  transfac_consensus: 
CC  matrix.nb: 4
XX
//
AC  M1003_0.90.txt_1
XX
ID  BARX1
XX
DE  ytaatkgsy
P0       A     C     G     T
1    21.6255 29.1914 18.8003 30.3827
2    12.2741 9.46395 0.977741 77.2842
3    76.1923 3.4669 12.4692 7.87159
4    88.2288 5.10353 2.09579 4.57192
5    10.5084 14.4714 12.7072 62.3131
6    13.7056 22.1492 31.4312 32.714
7    24.5596 13.4786 44.3053 17.6565
8    19.7276 30.0247 26.6295 23.6182
9    16.2824 30.8792 20.699 32.1394
XX
CC  program: transfac
CC  matrix.nb: 5
CC  accession: M1003_0.90.txt_1
CC  AC: M1003_0.90.txt_1
CC  id: M1003_0.90.txt_1
CC  name: BARX1
CC  version: 
CC  name: BARX1
CC  description: ytaatkgsy
CC  transfac_consensus: 
CC  matrix.nb: 5
XX
//
AC  M0301_0.90.txt_1
XX
ID  CEBPA
XX
DE  rttdcghaay
P0       A     C     G     T
1    41.7594 19.3373 28.985 9.91821
2    7.09263 10.5762 6.91028 75.421
3    7.59791 4.60031 22.847 64.9548
4    34.8495 3.75061 33.4665 27.9334
5    12.6578 52.0621 10.7184 24.5617
6    24.5617 10.7184 52.0621 12.6578
7    27.9334 33.4665 3.75061 34.8495
8    64.9548 22.847 4.60031 7.59791
9    75.421 6.91028 10.5762 7.09263
10   9.91821 28.985 19.3373 41.7594
XX
CC  program: transfac
CC  matrix.nb: 6
CC  accession: M0301_0.90.txt_1
CC  AC: M0301_0.90.txt_1
CC  id: M0301_0.90.txt_1
CC  name: CEBPA
CC  version: 
CC  name: CEBPA
CC  description: rttdcghaay
CC  transfac_consensus: 
CC  matrix.nb: 6
XX
//
AC  M0311_0.90.txt_1
XX
ID  CEBPB
XX
DE  rttrcrhmay
P0       A     C     G     T
1    38.6668 21.6495 28.9329 10.7508
2    6.01234 3.3328 2.08301 88.5718
3    0.39141 3.56798 7.62933 88.4113
4    32.2782 0.185332 48.1535 19.3829
5    8.44481 73.9621 6.19382 11.3993
6    33.8556 12.0867 41.3513 12.7064
7    29.5659 29.2717 6.46642 34.6959
8    46.3925 36.8604 6.60045 10.1466
9    70.2944 9.90155 9.80303 10.0011
10   14.5396 30.7804 19.6264 35.0536
XX
CC  program: transfac
CC  matrix.nb: 7
CC  accession: M0311_0.90.txt_1
CC  AC: M0311_0.90.txt_1
CC  id: M0311_0.90.txt_1
CC  name: CEBPB
CC  version: 
CC  name: CEBPB
CC  description: rttrcrhmay
CC  transfac_consensus: 
CC  matrix.nb: 7
XX
//
AC  M0274_0.90.txt_1
XX
ID  CEBPD
XX
DE  rttrcrhma
P0       A     C     G     T
1    44.9938 17.9309 29.5631 7.51218
2    10.017 7.12979 3.47044 79.3828
3    9.43096 6.3853 14.4978 69.6859
4    30.6584 0.639485 46.661 22.0411
5    11.9374 59.1264 8.24559 20.6906
6    26.761 13.8315 44.1214 15.2861
7    26.5499 31.1566 9.86533 32.4281
8    47.4847 26.5866 12.1874 13.7413
9    55.4946 14.9735 13.1482 16.3837
XX
CC  program: transfac
CC  matrix.nb: 8
CC  accession: M0274_0.90.txt_1
CC  AC: M0274_0.90.txt_1
CC  id: M0274_0.90.txt_1
CC  name: CEBPD
CC  version: 
CC  name: CEBPD
CC  description: rttrcrhma
CC  transfac_consensus: 
CC  matrix.nb: 8
XX
//
AC  M0647_0.90.txt_1
XX
ID  ELK4
XX
DE  ccggaagt
P0       A     C     G     T
1    0.142045 99.5739 0.142045 0.142045
2    0.110619 99.6681 0.110619 0.110619
3    0.110619 0.110619 99.6681 0.110619
4    0.110619 0.110619 99.6681 0.110619
5    99.6681 0.110619 0.110619 0.110619
6    88.6062 0.110619 0.110619 11.1726
7    22.2345 0.110619 77.5442 0.110619
8    0.165563 16.7219 0.165563 82.947
XX
CC  program: transfac
CC  matrix.nb: 9
CC  accession: M0647_0.90.txt_1
CC  AC: M0647_0.90.txt_1
CC  id: M0647_0.90.txt_1
CC  name: ELK4
CC  version: 
CC  name: ELK4
CC  description: ccggaagt
CC  transfac_consensus: 
CC  matrix.nb: 9
XX
//
AC  M0631_0.90.txt_1
XX
ID  ELK1
XX
DE  rrccggaagy
P0       A     C     G     T
1    30.9868 22.2771 25.1174 21.6187
2    45.7429 12.5917 27.4684 14.1971
3    10.5811 67.9702 14.4265 7.02215
4    8.27824 90.3446 1.0657 0.311496
5    0.0362019 0.0111241 99.6194 0.333323
6    0.127234 0.256218 99.3129 0.303697
7    97.6431 0.387252 0.657914 1.31169
8    81.6923 2.67235 0.561558 15.0738
9    21.9085 15.2851 58.961 3.84539
10   10.5478 28.3865 8.29717 52.7685
XX
CC  program: transfac
CC  matrix.nb: 10
CC  accession: M0631_0.90.txt_1
CC  AC: M0631_0.90.txt_1
CC  id: M0631_0.90.txt_1
CC  name: ELK1
CC  version: 
CC  name: ELK1
CC  description: rrccggaagy
CC  transfac_consensus: 
CC  matrix.nb: 10
XX
//
AC  M0643_0.90.txt_1
XX
ID  ETS1
XX
DE  rrcmggawry
P0       A     C     G     T
1    27.8377 23.252 25.1886 23.7217
2    40.0904 16.6288 27.1435 16.1373
3    18.8699 48.792 23.5133 8.82481
4    28.7618 60.8887 9.76737 0.582193
5    2.98864 2.96758e-05 97.0106     0
6    1.37703 0.0214921 97.5074 1.0941
7    96.9811 0.48409 1.17882 1.35597
8    54.8525 9.53194 2.67687 32.9387
9    37.6063 9.08996 47.3312 5.97253
10   14.4105 28.1615 11.9169 45.5111
XX
CC  program: transfac
CC  matrix.nb: 11
CC  accession: M0643_0.90.txt_1
CC  AC: M0643_0.90.txt_1
CC  id: M0643_0.90.txt_1
CC  name: ETS1
CC  version: 
CC  name: ETS1
CC  description: rrcmggawry
CC  transfac_consensus: 
CC  matrix.nb: 11
XX
//
AC  M0625_0.90.txt_1
XX
ID  ETV3
XX
DE  aacmggawry
P0       A     C     G     T
1    31.3334 20.5875 24.1597 23.9193
2    38.7641 16.0787 24.7171 20.44
3    19.7818 34.9795 24.6496 20.5891
4    26.5919 49.9293 14.8888 8.59007
5    4.85184 0.272357 90.8635 4.01228
6    6.05657 2.25048 88.3356 3.35732
7    95.2353 0.193273 0.0611975 4.51024
8    57.1191 8.98124 2.23701 31.6627
9    38.1171 13.6081 40.8809 7.39395
10   17.341 27.7455 13.1061 41.8074
XX
CC  program: transfac
CC  matrix.nb: 12
CC  accession: M0625_0.90.txt_1
CC  AC: M0625_0.90.txt_1
CC  id: M0625_0.90.txt_1
CC  name: ETV3
CC  version: 
CC  name: ETV3
CC  description: aacmggawry
CC  transfac_consensus: 
CC  matrix.nb: 12
XX
//
AC  M0626_0.90.txt_1
XX
ID  ETV1
XX
DE  vrccggawry
P0       A     C     G     T
1    25.9502 25.1832 27.8318 21.0348
2    40.9997 14.0632 26.1426 18.7945
3    13.5358 58.2846 20.601 7.57867
4    16.3979 77.2583 3.55073 2.7931
5    3.98747 3.793 87.6329 4.58668
6    4.75174 1.28212 91.699 2.26712
7    91.0702 1.68477 5.2679 1.9771
8    58.0099 8.42003 4.18126 29.3888
9    27.9024 15.3131 49.8347 6.94979
10   14.7561 28.2659 12.2027 44.7753
XX
CC  program: transfac
CC  matrix.nb: 13
CC  accession: M0626_0.90.txt_1
CC  AC: M0626_0.90.txt_1
CC  id: M0626_0.90.txt_1
CC  name: ETV1
CC  version: 
CC  name: ETV1
CC  description: vrccggawry
CC  transfac_consensus: 
CC  matrix.nb: 13
XX
//
AC  M0639_0.90.txt_1
XX
ID  ELK4
XX
DE  arccggawry
P0       A     C     G     T
1    29.2662 23.7228 24.4452 22.5658
2    39.6424 15.641 29.0756 15.641
3    14.3761 54.9031 18.8322 11.8885
4    12.0828 83.2447 3.29295 1.37959
5    0.0257874 0.00987382 99.6966 0.267705
6    0.648557 0.610788 98.1989 0.541721
7    92.925 1.02203 2.92061 3.13238
8    63.8426 7.07396 2.06767 27.0158
9    35.335 14.0817 43.1582 7.42515
10   13.654 29.4896 11.0678 45.7886
XX
CC  program: transfac
CC  matrix.nb: 14
CC  accession: M0639_0.90.txt_1
CC  AC: M0639_0.90.txt_1
CC  id: M0639_0.90.txt_1
CC  name: ELK4
CC  version: 
CC  name: ELK4
CC  description: arccggawry
CC  transfac_consensus: 
CC  matrix.nb: 14
XX
//
AC  M0628_0.90.txt_1
XX
ID  ELK3
XX
DE  vrccggaary
P0       A     C     G     T
1    27.6546 25.785 25.0229 21.5374
2    41.0218 14.0708 30.6951 14.2122
3    12.5944 62.3803 16.4982 8.52711
4    11.1066 86.2749 1.98881 0.629732
5    0.223397 0.00947778 99.6033 0.16385
6    0.203799 0.111847 99.4227 0.261683
7    96.0448 0.474646 0.856257 2.6243
8    75.769 4.38281 1.53371 18.3144
9    26.2154 15.4305 52.266 6.08816
10   12.8267 29.7113 10.3971 47.0649
XX
CC  program: transfac
CC  matrix.nb: 15
CC  accession: M0628_0.90.txt_1
CC  AC: M0628_0.90.txt_1
CC  id: M0628_0.90.txt_1
CC  name: ELK3
CC  version: 
CC  name: ELK3
CC  description: vrccggaary
CC  transfac_consensus: 
CC  matrix.nb: 15
XX
//
AC  M0645_0.90.txt_1
XX
ID  ERG
XX
DE  racmggawry
P0       A     C     G     T
1    28.1573 23.285 25.7339 22.8239
2    41.4866 14.9598 24.9125 18.6411
3    17.9962 49.4103 21.1187 11.4749
4    25.9489 63.8239 8.55168 1.67553
5    0.479825 0.14744 98.0684 1.3043
6    0.873329 0.32777 97.9598 0.839086
7    91.6015 1.53334 2.7386 4.12657
8    61.7614 7.56308 3.20041 27.4751
9    36.5042 12.2733 43.7035 7.51896
10   14.5434 28.9954 12.7705 43.6908
XX
CC  program: transfac
CC  matrix.nb: 16
CC  accession: M0645_0.90.txt_1
CC  AC: M0645_0.90.txt_1
CC  id: M0645_0.90.txt_1
CC  name: ERG
CC  version: 
CC  name: ERG
CC  description: racmggawry
CC  transfac_consensus: 
CC  matrix.nb: 16
XX
//
AC  M0668_0.90.txt_1
XX
ID  FOXC2
XX
DE  wrwrtmaaya
P0       A     C     G     T
1    35.9371 14.9061 9.041 40.1158
2    42.1728 13.6232 26.3581 17.8459
3    28.7711 19.4796 20.8921 30.8572
4    38.7293 10.4499 43.2326 7.58821
5    21.3252 16.6081 5.81181 56.2548
6    55.5669 28.4341 4.89193 11.1071
7    76.8444 9.69667 5.11298 8.346
8    77.1861 5.8487 8.99096 7.97426
9    6.28246 56.1351 5.19533 32.3871
10   74.8482 7.20995 6.85832 11.0835
XX
CC  program: transfac
CC  matrix.nb: 17
CC  accession: M0668_0.90.txt_1
CC  AC: M0668_0.90.txt_1
CC  id: M0668_0.90.txt_1
CC  name: FOXC2
CC  version: 
CC  name: FOXC2
CC  description: wrwrtmaaya
CC  transfac_consensus: 
CC  matrix.nb: 17
XX
//
AC  M0635_0.90.txt_1
XX
ID  FLI1
XX
DE  rrcmggawry
P0       A     C     G     T
1    28.5712 23.1594 25.3404 22.929
2    40.8828 14.8903 25.2976 18.9293
3    17.9923 49.3996 20.904 11.7041
4    25.6626 63.7542 8.7149 1.86831
5    0.606681 0.110831 98.5189 0.763569
6    0.955188 0.380661 97.9202 0.743902
7    91.8135 1.50646 2.58509 4.09497
8    62.1584 7.6117 3.12579 27.1041
9    36.6912 12.3362 43.4903 7.48228
10   14.6891 29.286 12.7701 43.2548
XX
CC  program: transfac
CC  matrix.nb: 18
CC  accession: M0635_0.90.txt_1
CC  AC: M0635_0.90.txt_1
CC  id: M0635_0.90.txt_1
CC  name: FLI1
CC  version: 
CC  name: FLI1
CC  description: rrcmggawry
CC  transfac_consensus: 
CC  matrix.nb: 18
XX
//
AC  M0634_0.90.txt_1
XX
ID  ETV5
XX
DE  rccggawry
P0       A     C     G     T
1    45.9522 12.3988 25.7286 15.9204
2    11.5659 63.9476 18.139 6.34752
3    14.7216 82.2129 2.58393 0.481578
4    0.082141 0.121321 99.5522 0.24431
5    0.111876 0.119988 99.4484 0.319704
6    96.4413 0.587978 0.979155 1.99159
7    63.5432 5.76451 3.25998 27.4323
8    27.9102 12.2925 54.5432 5.25402
9    12.5096 28.1205 10.1401 49.2298
XX
CC  program: transfac
CC  matrix.nb: 19
CC  accession: M0634_0.90.txt_1
CC  AC: M0634_0.90.txt_1
CC  id: M0634_0.90.txt_1
CC  name: ETV5
CC  version: 
CC  name: ETV5
CC  description: rccggawry
CC  transfac_consensus: 
CC  matrix.nb: 19
XX
//
AC  M0650_0.90.txt_1
XX
ID  ENSG00000235187
XX
DE  aacmggawry
P0       A     C     G     T
1    31.791 19.6718 24.2686 24.2686
2    41.0724 14.5172 24.4184 19.9921
3    17.6615 38.1448 24.0802 20.1135
4    26.8249 56.2233 10.9062 6.0456
5    5.53218 0.204044 90.9748 3.289
6    5.78668 0.000105749 94.2131     0
7    95.0314 0.000340263 1.49811 3.47018
8    63.5026 5.16074 0.73424 30.6025
9    40.6386 9.92165 42.7222 6.71752
10   15.288 28.9934 10.2479 45.4707
XX
CC  program: transfac
CC  matrix.nb: 20
CC  accession: M0650_0.90.txt_1
CC  AC: M0650_0.90.txt_1
CC  id: M0650_0.90.txt_1
CC  name: ENSG00000235187
CC  version: 
CC  name: ENSG00000235187
CC  description: aacmggawry
CC  transfac_consensus: 
CC  matrix.nb: 20
XX
//
AC  M0084_0.90.txt_1
XX
ID  TFAP2B
XX
DE  tcsccysagg
P0       A     C     G     T
1    16.3199 12.9667 10.8307 59.8826
2    20.3446 34.9115 24.6017 20.1422
3    0.130116 33.1377 66.7311     0
4    0.00449451 99.993 0.00107558     0
5    0.02132 94.8115 0.0022697 5.16492
6    2.00372 28.6458 15.5647 53.7857
7    10.6547 39.4882 39.0953 10.7618
8    56.5281 17.7208 23.4469 2.30421
9    10.0634 0.00926882 89.9183     0
10   0.0119741 0.00375373 99.9823     0
XX
CC  program: transfac
CC  matrix.nb: 21
CC  accession: M0084_0.90.txt_1
CC  AC: M0084_0.90.txt_1
CC  id: M0084_0.90.txt_1
CC  name: TFAP2B
CC  version: 
CC  name: TFAP2B
CC  description: tcsccysagg
CC  transfac_consensus: 
CC  matrix.nb: 21
XX
//
AC  M0410_0.90.txt_1
XX
ID  ZFP161
XX
DE  srcgygcmy
P0       A     C     G     T
1    21.8335 33.5636 25.6218 18.9811
2    28.1737 19.4605 34.7572 17.6086
3    3.77214 82.0757 2.35759 11.7946
4    5.9238 4.52211 86.3991 3.15497
5    13.7689 50.0193 10.6165 25.5953
6    13.1295 6.14025 68.3653 12.3649
7    17.9495 53.9231 12.5229 15.6045
8    38.7566 27.0396 13.5624 20.6414
9    19.9182 37.7744 13.7582 28.5493
XX
CC  program: transfac
CC  matrix.nb: 22
CC  accession: M0410_0.90.txt_1
CC  AC: M0410_0.90.txt_1
CC  id: M0410_0.90.txt_1
CC  name: ZFP161
CC  version: 
CC  name: ZFP161
CC  description: srcgygcmy
CC  transfac_consensus: 
CC  matrix.nb: 22
XX
//
AC  M0817_0.90.txt_1
XX
ID  ZFHX2
XX
DE  vytaattarb
P0       A     C     G     T
1    26.256 25.9184 26.4823 21.3433
2    18.2568 29.5311 18.9654 33.2466
3    13.4883 13.0814 3.41354 70.0168
4    62.9656 10.2034 18.0585 8.77244
5    92.651 2.24883 3.14627 1.95389
6    1.95389 3.14627 2.24883 92.651
7    8.77244 18.0585 10.2034 62.9656
8    70.0168 3.41354 13.0814 13.4883
9    33.2466 18.9654 29.5311 18.2568
10   21.3433 26.4823 25.9184 26.256
XX
CC  program: transfac
CC  matrix.nb: 23
CC  accession: M0817_0.90.txt_1
CC  AC: M0817_0.90.txt_1
CC  id: M0817_0.90.txt_1
CC  name: ZFHX2
CC  version: 
CC  name: ZFHX2
CC  description: vytaattarb
CC  transfac_consensus: 
CC  matrix.nb: 23
XX
//
AC  M0420_0.90.txt_1
XX
ID  ZBTB3
XX
DE  crctgcayk
P0       A     C     G     T
1    19.9381 60.4994 4.49351 15.0689
2    62.411 0.846827 32.9088 3.83336
3    3.19924 85.0223 10.5162 1.26227
4    1.12051 4.20826e-09 0.0117228 98.8678
5    2.08606 1.27797 90.4932 6.14276
6    4.07634 57.1226 23.6935 15.1076
7    50.6699 21.8747 11.8856 15.5698
8    23.248 25.4374 23.4817 27.8329
9    22.1121 24.9313 25.9488 27.0078
XX
CC  program: transfac
CC  matrix.nb: 24
CC  accession: M0420_0.90.txt_1
CC  AC: M0420_0.90.txt_1
CC  id: M0420_0.90.txt_1
CC  name: ZBTB3
CC  version: 
CC  name: ZBTB3
CC  description: crctgcayk
CC  transfac_consensus: 
CC  matrix.nb: 24
XX
//
AC  M0391_0.90.txt_1
XX
ID  ZBTB1
XX
DE  rymmcgcahm
P0       A     C     G     T
1    27.9683 22.0006 28.2494 21.7817
2    22.3901 30.5273 10.8985 36.1841
3    26.5567 56.7855 8.07911 8.57869
4    34.5729 55.8724 6.19084 3.3638
5    6.36277 89.1628 1.18585 3.28861
6    2.02283 0.0111591 97.954 0.0119682
7    2.52323 90.5174 0.0316044 6.9278
8    71.5054 4.13618 21.9721 2.38637
9    30.7829 30.4766 9.45893 29.2816
10   27.7589 30.0708 21.1906 20.9797
XX
CC  program: transfac
CC  matrix.nb: 25
CC  accession: M0391_0.90.txt_1
CC  AC: M0391_0.90.txt_1
CC  id: M0391_0.90.txt_1
CC  name: ZBTB1
CC  version: 
CC  name: ZBTB1
CC  description: rymmcgcahm
CC  transfac_consensus: 
CC  matrix.nb: 25
XX
//
AC  M0820_0.90.txt_1
XX
ID  VENTX
XX
DE  ttaattag
P0       A     C     G     T
1    5.57714 2.80244 13.9012 77.7192
2    0.019984 6.01519 0.019984 93.9448
3    99.9445 0.0185048 0.0185048 0.0185048
4    99.9445 0.0185048 0.0185048 0.0185048
5    0.0185048 0.0185048 0.0185048 99.9445
6    0.019216 3.86241 13.4704 82.648
7    75.5107 0.0222025 24.4449 0.0222025
8    5.7363 20.0057 54.2523 20.0057
XX
CC  program: transfac
CC  matrix.nb: 26
CC  accession: M0820_0.90.txt_1
CC  AC: M0820_0.90.txt_1
CC  id: M0820_0.90.txt_1
CC  name: VENTX
CC  version: 
CC  name: VENTX
CC  description: ttaattag
CC  transfac_consensus: 
CC  matrix.nb: 26
XX
//
AC  M0896_0.90.txt_1
XX
ID  UNCX
XX
DE  ytaattrr
P0       A     C     G     T
1    20.5661 30.0734 18.9849 30.3757
2    12.5034 7.58371 3.51136 76.4015
3    75.2473 6.82628 11.3678 6.55862
4    94.7059 0.056743 2.07669 3.16065
5    5.26812 7.85911 6.90105 79.9717
6    16.2578 13.4445 15.7773 54.5203
7    35.2715 12.4669 34.9206 17.341
8    31.4813 20.0734 31.168 17.2773
XX
CC  program: transfac
CC  matrix.nb: 27
CC  accession: M0896_0.90.txt_1
CC  AC: M0896_0.90.txt_1
CC  id: M0896_0.90.txt_1
CC  name: UNCX
CC  version: 
CC  name: UNCX
CC  description: ytaattrr
CC  transfac_consensus: 
CC  matrix.nb: 27
XX
//
AC  M0086_0.90.txt_1
XX
ID  TFAP2E
XX
DE  ccksrggcra
P0       A     C     G     T
1    3.75172 95.7955 0.165665 0.28714
2    3.90545 84.1307 0.11331 11.8505
3    5.97563 23.0506 25.4748 45.499
4    17.0862 39.1841 31.446 12.2837
5    53.5013 13.595 32.7763 0.127416
6    6.1775 0.0164228 93.7765 0.0296265
7    3.8397 0.0168298 96.1004 0.0430839
8    2.75279 75.3855 21.3834 0.478363
9    32.1576 13.4725 32.1576 22.2124
10   47.4516 13.5951 17.6319 21.3214
XX
CC  program: transfac
CC  matrix.nb: 28
CC  accession: M0086_0.90.txt_1
CC  AC: M0086_0.90.txt_1
CC  id: M0086_0.90.txt_1
CC  name: TFAP2E
CC  version: 
CC  name: TFAP2E
CC  description: ccksrggcra
CC  transfac_consensus: 
CC  matrix.nb: 28
XX
//
AC  M0085_0.90.txt_1
XX
ID  TFAP2C
XX
DE  ysccysaggs
P0       A     C     G     T
1    19.4725 40.0049 15.0143 25.5083
2    8.96002 32.5498 52.603 5.88715
3    0.00860885 98.9917 0.0243563 0.975345
4    0.124809 81.3717 1.23248 17.271
5    7.06894 44.9572 22.5494 25.4244
6    11.4154 27.2476 44.4767 16.8603
7    58.6691 18.2089 16.1499 6.97208
8    19.9175 0.192357 79.1701 0.720074
9    1.93589 0.0265312 97.5696 0.467931
10   6.17475 50.9308 30.5837 12.3107
XX
CC  program: transfac
CC  matrix.nb: 29
CC  accession: M0085_0.90.txt_1
CC  AC: M0085_0.90.txt_1
CC  id: M0085_0.90.txt_1
CC  name: TFAP2C
CC  version: 
CC  name: TFAP2C
CC  description: ysccysaggs
CC  transfac_consensus: 
CC  matrix.nb: 29
XX
//
AC  M0083_0.90.txt_1
XX
ID  TFAP2A
XX
DE  scytsrggcr
P0       A     C     G     T
1    11.9865 43.5445 34.9453 9.5237
2    0.137598 94.3092 0.043135 5.51008
3    2.21798 65.1437 2.47588 30.1624
4    9.22497 22.9178 24.8265 43.0307
5    20.183 32.9451 33.6106 13.2612
6    38.5087 19.1229 37.7462 4.62226
7    10.8046 0.0323861 89.1193 0.0437167
8    0.0929455 0.0370406 98.9147 0.955289
9    2.49423 66.9524 19.375 11.1784
10   34.2181 10.2037 33.5405 22.0377
XX
CC  program: transfac
CC  matrix.nb: 30
CC  accession: M0083_0.90.txt_1
CC  AC: M0083_0.90.txt_1
CC  id: M0083_0.90.txt_1
CC  name: TFAP2A
CC  version: 
CC  name: TFAP2A
CC  description: scytsrggcr
CC  transfac_consensus: 
CC  matrix.nb: 30
XX
//
AC  M0210_0.90.txt_1
XX
ID  TCFL5
XX
DE  rkcrcgygmy
P0       A     C     G     T
1    26.3325 20.2596 30.7948 22.613
2    11.3138 22.668 36.4435 29.5747
3    5.81536 87.4211 1.6939 5.06964
4    37.2199 6.44711 33.6403 22.6927
5    0.622092 90.3915 1.85041 7.13601
6    7.13601 1.85041 90.3915 0.622092
7    22.6927 33.6403 6.44711 37.2199
8    5.06964 1.6939 87.4211 5.81536
9    29.5747 36.4435 22.668 11.3138
10   22.613 30.7948 20.2596 26.3325
XX
CC  program: transfac
CC  matrix.nb: 31
CC  accession: M0210_0.90.txt_1
CC  AC: M0210_0.90.txt_1
CC  id: M0210_0.90.txt_1
CC  name: TCFL5
CC  version: 
CC  name: TCFL5
CC  description: rkcrcgygmy
CC  transfac_consensus: 
CC  matrix.nb: 31
XX
//
AC  M1476_0.90.txt_1
XX
ID  TCF7L2
XX
DE  aswtcaaagr
P0       A     C     G     T
1    48.7867 12.903 19.4424 18.8678
2    10.5157 36.7034 40.5635 12.2175
3    63.7879 4.46185 2.21569 29.5346
4    12.7896 3.66428 1.38907 82.157
5    11.7054 66.6899 13.5998 8.0049
6    87.5401 1.39389 1.36629 9.69972
7    81.883 4.64268 8.54453 4.92977
8    72.8316 1.97023 10.7849 14.4133
9    17.9802 17.8013 56.2199 7.99863
10   26.7968 18.6955 40.3779 14.1298
XX
CC  program: transfac
CC  matrix.nb: 32
CC  accession: M1476_0.90.txt_1
CC  AC: M1476_0.90.txt_1
CC  id: M1476_0.90.txt_1
CC  name: TCF7L2
CC  version: 
CC  name: TCF7L2
CC  description: aswtcaaagr
CC  transfac_consensus: 
CC  matrix.nb: 32
XX
//
AC  M1524_0.90.txt_1
XX
ID  TBX3
XX
DE  aggtgtba
P0       A     C     G     T
1    99.7863 0.0712251 0.0712251 0.0712251
2    0.0586854 0.0586854 88.0869 11.7958
3    0.0586854 0.0586854 99.8239 0.0586854
4    0.0586854 0.0586854 0.0586854 99.8239
5    5.92723 0.0586854 93.9554 0.0586854
6    5.92723 0.0586854 0.0586854 93.9554
7    0.0712251 42.8063 28.5613 28.5613
8    79.7809 0.0996016 20.0199 0.0996016
XX
CC  program: transfac
CC  matrix.nb: 33
CC  accession: M1524_0.90.txt_1
CC  AC: M1524_0.90.txt_1
CC  id: M1524_0.90.txt_1
CC  name: TBX3
CC  version: 
CC  name: TBX3
CC  description: aggtgtba
CC  transfac_consensus: 
CC  matrix.nb: 33
XX
//
AC  M1518_0.90.txt_1
XX
ID  TBX20
XX
DE  raggtgtkaa
P0       A     C     G     T
1    35.3916 14.5338 29.8586 20.216
2    67.2425 4.00805 17.9628 10.7866
3    19.7985 10.9748 60.6795 8.54721
4    2.02757 2.87725 92.4656 2.62961
5    0.389002 6.27033 0.0397888 93.3009
6    1.13651 1.43041 97.3157 0.117415
7    9.09809 13.304 1.8005 75.7974
8    3.87793 21.6564 44.9388 29.5269
9    87.31 2.05333 8.00018 2.63653
10   52.2605 16.3829 13.9606 17.396
XX
CC  program: transfac
CC  matrix.nb: 34
CC  accession: M1518_0.90.txt_1
CC  AC: M1518_0.90.txt_1
CC  id: M1518_0.90.txt_1
CC  name: TBX20
CC  version: 
CC  name: TBX20
CC  description: raggtgtkaa
CC  transfac_consensus: 
CC  matrix.nb: 34
XX
//
AC  M1511_0.90.txt_1
XX
ID  TBX2
XX
DE  aggtgtsa
P0       A     C     G     T
1    87.422 0.031211 6.27341 6.27341
2    7.51748 0.024975 92.4326 0.024975
3    0.0222025 0.0222025 99.9334 0.0222025
4    0.0222025 0.0222025 0.0222025 99.9334
5    0.0217202 0.0217202 99.9348 0.0217202
6    0.0222025 2.24245 0.0222025 97.7131
7    0.0285388 31.4212 48.5445 20.0057
8    87.8994 0.0399361 8.02716 4.03355
XX
CC  program: transfac
CC  matrix.nb: 35
CC  accession: M1511_0.90.txt_1
CC  AC: M1511_0.90.txt_1
CC  id: M1511_0.90.txt_1
CC  name: TBX2
CC  version: 
CC  name: TBX2
CC  description: aggtgtsa
CC  transfac_consensus: 
CC  matrix.nb: 35
XX
//
AC  M1520_0.90.txt_1
XX
ID  TBR1
XX
DE  daggtgykaw
P0       A     C     G     T
1    26.0968 11.1173 31.9416 30.8443
2    66.1427 4.92233 17.352 11.5829
3    20.603 14.6969 40.1258 24.5743
4    12.9177 10.6672 58.0736 18.3415
5    1.54734 11.821 0.0575331 86.5742
6    14.5778 0.407261 80.474 4.541
7    13.1166 29.1289 1.43145 56.3231
8    11.3376 21.0026 38.0369 29.6229
9    66.8054 11.7661 10.2865 11.1421
10   40.881 21.4108 11.3713 26.3368
XX
CC  program: transfac
CC  matrix.nb: 36
CC  accession: M1520_0.90.txt_1
CC  AC: M1520_0.90.txt_1
CC  id: M1520_0.90.txt_1
CC  name: TBR1
CC  version: 
CC  name: TBR1
CC  description: daggtgykaw
CC  transfac_consensus: 
CC  matrix.nb: 36
XX
//
AC  M0621_0.90.txt_1
XX
ID  SPI1
XX
DE  wwrvggaast
P0       A     C     G     T
1    40.0158 14.1438 19.284 26.5565
2    34.6223 15.402 20.1761 29.7997
3    25.2726 21.5359 38.4639 14.7276
4    32.2103 28.2837 30.6394 8.86656
5    16.9129 3.38068 74.2974 5.40906
6    4.87517 2.39685 89.4926 3.23541
7    90.6122 0.229142 0.938557 8.22015
8    83.3294 3.79165 0.0358935 12.843
9    17.048 30.7544 43.2083 8.98928
10   18.5625 22.6723 11.7182 47.0469
XX
CC  program: transfac
CC  matrix.nb: 37
CC  accession: M0621_0.90.txt_1
CC  AC: M0621_0.90.txt_1
CC  id: M0621_0.90.txt_1
CC  name: SPI1
CC  version: 
CC  name: SPI1
CC  description: wwrvggaast
CC  transfac_consensus: 
CC  matrix.nb: 37
XX
//
AC  M0638_0.90.txt_1
XX
ID  SPDEF
XX
DE  rwmcmggawr
P0       A     C     G     T
1    32.234 19.5509 26.3909 21.8242
2    43.386 12.4303 15.9608 28.223
3    31.1585 29.3439 24.0248 15.4728
4    20.0253 54.4344 18.6715 6.86885
5    28.4306 64.5517 5.40576 1.61198
6    1.15371 0.0434122 98.789 0.0138841
7    0.686459 1.45323 94.9918 2.8685
8    87.4097 0.896378 5.99309 5.7008
9    30.219 16.5846 5.80356 47.3929
10   29.6924 24.8012 29.6924 15.8139
XX
CC  program: transfac
CC  matrix.nb: 38
CC  accession: M0638_0.90.txt_1
CC  AC: M0638_0.90.txt_1
CC  id: M0638_0.90.txt_1
CC  name: SPDEF
CC  version: 
CC  name: SPDEF
CC  description: rwmcmggawr
CC  transfac_consensus: 
CC  matrix.nb: 38
XX
//
AC  M0380_0.90.txt_1
XX
ID  SP4
XX
DE  rgkgggcgkg
P0       A     C     G     T
1    34.5672 14.923 29.7523 20.7575
2    23.6315 11.9721 54.1945 10.202
3    12.6852 1.35045 56.2855 29.6789
4    16.6514 0.00127157 83.3039 0.0433909
5    0.00357011 0.00304224 99.967 0.0263797
6    1.1649 0.00389772 98.7545 0.0767376
7    16.0079 66.892 1.40928 15.6909
8    3.56295 2.48578 90.9753 2.97602
9    4.59858 2.87413 50.1866 42.3407
10   21.2327 11.8882 45.8577 21.0214
XX
CC  program: transfac
CC  matrix.nb: 39
CC  accession: M0380_0.90.txt_1
CC  AC: M0380_0.90.txt_1
CC  id: M0380_0.90.txt_1
CC  name: SP4
CC  version: 
CC  name: SP4
CC  description: rgkgggcgkg
CC  transfac_consensus: 
CC  matrix.nb: 39
XX
//
AC  M0383_0.90.txt_1
XX
ID  KLF4
XX
DE  dgggcgkggc
P0       A     C     G     T
1    32.22 7.71053 25.8571 34.2124
2    17.485 0.0228534 82.3801 0.112067
3    0.0271748 0.0173274 99.9363 0.0191497
4    0.00740771 0.0241075 99.9596     0
5    10.0743 66.0217 1.03044 22.8736
6    1.52107 0.0320459 97.4574 0.989471
7    4.2318 8.95871 35.2557 51.5538
8    20.8085 7.65501 53.8047 17.7318
9    16.7365 11.5605 49.7789 21.9242
10   17.0239 41.4554 18.0766 23.4441
XX
CC  program: transfac
CC  matrix.nb: 40
CC  accession: M0383_0.90.txt_1
CC  AC: M0383_0.90.txt_1
CC  id: M0383_0.90.txt_1
CC  name: KLF4
CC  version: 
CC  name: KLF4
CC  description: dgggcgkggc
CC  transfac_consensus: 
CC  matrix.nb: 40
XX
//
AC  M0408_0.90.txt_1
XX
ID  ZNF740
XX
DE  mrtggggggg
P0       A     C     G     T
1    25.1654 26.4556 24.915 23.464
2    28.5098 17.4659 29.9716 24.0527
3    24.5093 20.0665 15.0151 40.4091
4    6.10644 0.548452 87.2994 6.04568
5    1.74462 0.285514 86.1883 11.7815
6    9.22973 2.18678 84.1356 4.44789
7    5.67681 0.0747497 89.6927 4.55575
8    3.39871 2.81059 90.3233 3.46737
9    7.66113 2.68092 67.0984 22.5596
10   17.0472 10.7616 48.715 23.4762
XX
CC  program: transfac
CC  matrix.nb: 41
CC  accession: M0408_0.90.txt_1
CC  AC: M0408_0.90.txt_1
CC  id: M0408_0.90.txt_1
CC  name: ZNF740
CC  version: 
CC  name: ZNF740
CC  description: mrtggggggg
CC  transfac_consensus: 
CC  matrix.nb: 41
XX
//
AC  M0399_0.90.txt_1
XX
ID  KLF8
XX
DE  drggygkggy
P0       A     C     G     T
1    27.2187 15.3929 25.126 32.2624
2    25.0959 0.0240579 70.2954 4.58462
3    0.0156594 0.0134782 96.8649 3.10594
4    1.44845 0.013043 94.6792 3.85933
5    13.6533 49.5994 0.00329278 36.7441
6    9.07452 0.00980827 84.3918 6.52389
7    9.6347 12.0056 34.3077 44.052
8    20.3882 12.8707 46.7566 19.9845
9    18.8128 15.4026 41.8687 23.9158
10   18.7485 36.2745 17.8341 27.1429
XX
CC  program: transfac
CC  matrix.nb: 42
CC  accession: M0399_0.90.txt_1
CC  AC: M0399_0.90.txt_1
CC  id: M0399_0.90.txt_1
CC  name: KLF8
CC  version: 
CC  name: KLF8
CC  description: drggygkggy
CC  transfac_consensus: 
CC  matrix.nb: 42
XX
//
AC  M0398_0.90.txt_1
XX
ID  ZNF281
XX
DE  dkgggggwkg
P0       A     C     G     T
1    25.5081 9.66968 35.4809 29.3413
2    17.79 5.63298 40.3922 36.1848
3    1.62386 1.20298 95.0881 2.08507
4    1.81881 0.801061 95.4098 1.97029
5    1.90431 0.138639 96.9428 1.01422
6    0.679476 0.721493 95.9251 2.67398
7    1.49386 2.29645 92.8851 3.32464
8    34.2873 15.4063 5.39124 44.9152
9    19.609 12.2557 41.9294 26.206
10   13.5466 13.0154 56.0438 17.3942
XX
CC  program: transfac
CC  matrix.nb: 43
CC  accession: M0398_0.90.txt_1
CC  AC: M0398_0.90.txt_1
CC  id: M0398_0.90.txt_1
CC  name: ZNF281
CC  version: 
CC  name: ZNF281
CC  description: dkgggggwkg
CC  transfac_consensus: 
CC  matrix.nb: 43
XX
//
AC  M0372_0.90.txt_1
XX
ID  PLAGL1
XX
DE  rrggggcccc
P0       A     C     G     T
1    26.5677 20.0794 30.256 23.0968
2    29.7612 11.9796 33.8929 24.3664
3    4.04815 3.05953 87.2049 5.68744
4    22.6744 1.12889 75.2816 0.915062
5    0.75313 0.0170174 92.4328 6.79701
6    2.63046 0.0979948 93.4251 3.84648
7    8.44451 55.3411 20.3589 15.8555
8    16.4476 49.4112 19.1093 15.0319
9    22.3285 42.3455 17.0451 18.281
10   24.9629 32.7005 21.4858 20.8508
XX
CC  program: transfac
CC  matrix.nb: 44
CC  accession: M0372_0.90.txt_1
CC  AC: M0372_0.90.txt_1
CC  id: M0372_0.90.txt_1
CC  name: PLAGL1
CC  version: 
CC  name: PLAGL1
CC  description: rrggggcccc
CC  transfac_consensus: 
CC  matrix.nb: 44
XX
//
AC  M1150_0.90.txt_1
XX
ID  POU3F2
XX
DE  wwykmatwaw
P0       A     C     G     T
1    27.997 19.3385 19.1461 33.5185
2    31.3862 21.0388 20.8295 26.7456
3    14.3452 30.9822 12.8509 41.8217
4    19.2116 9.16611 41.4925 30.1298
5    38.3233 36.4543 9.64132 15.5811
6    90.5822 0.752961 5.18753 3.47731
7    3.39247 1.15207 1.61859 93.8369
8    33.4158 5.46863 5.46863 55.647
9    61.7199 9.41785 7.04703 21.8152
10   29.8019 16.0318 19.1935 34.9728
XX
CC  program: transfac
CC  matrix.nb: 45
CC  accession: M1150_0.90.txt_1
CC  AC: M1150_0.90.txt_1
CC  id: M1150_0.90.txt_1
CC  name: POU3F2
CC  version: 
CC  name: POU3F2
CC  description: wwykmatwaw
CC  transfac_consensus: 
CC  matrix.nb: 45
XX
//
AC  M1159_0.90.txt_1
XX
ID  POU3F1
XX
DE  ykmattawy
P0       A     C     G     T
1    20.0918 34.8241 16.2861 28.7981
2    17.3093 11.2598 25.3111 46.1198
3    41.1376 36.1227 12.3904 10.3493
4    72.2042 6.23076 12.1764 9.38862
5    11.2712 1.33944 10.5092 76.8802
6    15.7371 11.5423 0.0439818 72.6766
7    64.4889 4.24819 13.6876 17.5753
8    30.7543 17.5671 20.6152 31.0634
9    23.8239 26.3295 24.5495 25.2971
XX
CC  program: transfac
CC  matrix.nb: 46
CC  accession: M1159_0.90.txt_1
CC  AC: M1159_0.90.txt_1
CC  id: M1159_0.90.txt_1
CC  name: POU3F1
CC  version: 
CC  name: POU3F1
CC  description: ykmattawy
CC  transfac_consensus: 
CC  matrix.nb: 46
XX
//
AC  M1160_0.90.txt_1
XX
ID  POU2F3
XX
DE  awtwwgmata
P0       A     C     G     T
1    34.8424 21.7766 19.3141 24.0669
2    49.5795 10.2121 12.7251 27.4833
3    15.448 11.3303 6.03444 67.1872
4    31.4533 12.9165 4.79946 50.8308
5    32.3971 6.22186 3.51862 57.8624
6    23.5938 8.42316 48.4719 19.5111
7    29.9163 59.6446 4.08942 6.34967
8    68.9749 9.52331 11.288 10.2138
9    5.96767 8.05551 9.54824 76.4286
10   49.0694 11.3957 20.5577 18.9772
XX
CC  program: transfac
CC  matrix.nb: 47
CC  accession: M1160_0.90.txt_1
CC  AC: M1160_0.90.txt_1
CC  id: M1160_0.90.txt_1
CC  name: POU2F3
CC  version: 
CC  name: POU2F3
CC  description: awtwwgmata
CC  transfac_consensus: 
CC  matrix.nb: 47
XX
//
AC  M1148_0.90.txt_1
XX
ID  POU2F1
XX
DE  mwwatkmrwa
P0       A     C     G     T
1    29.2536 25.1788 22.556 23.0117
2    26.1116 16.8168 12.7099 44.3618
3    39.3187 12.8289 9.69586 38.1566
4    82.712 4.11799 9.44386 3.72611
5    10.9655 14.0799 7.27724 67.6773
6    9.83914 14.9748 38.7205 36.4656
7    32.5906 34.6058 10.9575 21.8461
8    38.3482 15.5912 28.1264 17.9342
9    26.0474 24.0448 23.3342 26.5736
10   31.7384 21.7047 23.2784 23.2784
XX
CC  program: transfac
CC  matrix.nb: 48
CC  accession: M1148_0.90.txt_1
CC  AC: M1148_0.90.txt_1
CC  id: M1148_0.90.txt_1
CC  name: POU2F1
CC  version: 
CC  name: POU2F1
CC  description: mwwatkmrwa
CC  transfac_consensus: 
CC  matrix.nb: 48
XX
//
AC  M1163_0.90.txt_1
XX
ID  POU1F1
XX
DE  wwtkmatwww
P0       A     C     G     T
1    25.4442 21.4663 19.4236 33.6659
2    36.2141 16.7676 19.0954 27.9229
3    12.6186 23.6929 12.0032 51.6853
4    14.582 5.69612 38.4664 41.2555
5    54.8244 35.3089 5.95442 3.91234
6    90.8825 2.40986 2.13735 4.57025
7    0.992701 0.103589 0.145537 98.7582
8    41.8499 8.44936 11.0684 38.6324
9    57.0966 5.23174 8.45488 29.2168
10   25.8297 14.6073 22.9089 36.6541
XX
CC  program: transfac
CC  matrix.nb: 49
CC  accession: M1163_0.90.txt_1
CC  AC: M1163_0.90.txt_1
CC  id: M1163_0.90.txt_1
CC  name: POU1F1
CC  version: 
CC  name: POU1F1
CC  description: wwtkmatwww
CC  transfac_consensus: 
CC  matrix.nb: 49
XX
//
AC  M1401_0.90.txt_1
XX
ID  LCOR
XX
DE  awwtttggsw
P0       A     C     G     T
1    31.5528 20.7316 24.5733 23.1423
2    35.9436 14.7604 20.7376 28.5584
3    33.2593 3.83563 10.2199 52.6852
4    2.32408 0.204605 5.32986 92.1415
5    6.75176 8.75656 0.576836 83.9149
6    22.4763 19.153 24.8401 33.5306
7    20.6273 5.90982 63.2197 10.2432
8    15.0805 14.3451 51.594 18.9804
9    24.2051 27.8424 26.4845 21.468
10   26.8784 22.9043 19.912 30.3053
XX
CC  program: transfac
CC  matrix.nb: 50
CC  accession: M1401_0.90.txt_1
CC  AC: M1401_0.90.txt_1
CC  id: M1401_0.90.txt_1
CC  name: LCOR
CC  version: 
CC  name: LCOR
CC  description: awwtttggsw
CC  transfac_consensus: 
CC  matrix.nb: 50
XX
//
AC  M0893_0.90.txt_1
XX
ID  LHX8
XX
DE  sytrattrs
P0       A     C     G     T
1    24.4674 26.5052 29.5872 19.4402
2    19.9546 31.2951 18.9814 29.7688
3    12.4554 6.31011 6.63363 74.6009
4    39.4226 7.88009 48.1509 4.54642
5    92.394 0.11837 4.07986 3.40778
6    3.19878 4.2324 6.70443 85.8644
7    8.82007 7.5915 17.7614 65.827
8    40.1306 6.90426 40.1306 12.8345
9    20.6496 29.5977 30.4991 19.2536
XX
CC  program: transfac
CC  matrix.nb: 51
CC  accession: M0893_0.90.txt_1
CC  AC: M0893_0.90.txt_1
CC  id: M0893_0.90.txt_1
CC  name: LHX8
CC  version: 
CC  name: LHX8
CC  description: sytrattrs
CC  transfac_consensus: 
CC  matrix.nb: 51
XX
//
AC  M1081_0.90.txt_1
XX
ID  LHX6
XX
DE  sytrattrs
P0       A     C     G     T
1    24.6774 26.7327 28.3858 20.2041
2    19.8827 32.132 17.1132 30.8721
3    10.4224 4.92321 4.49948 80.1549
4    40.6515 7.20687 48.6686 3.47305
5    94.564 0.0364898 3.21966 2.17989
6    2.12965 3.08317 6.02524 88.7619
7    7.06178 6.38976 15.4051 71.1434
8    43.259 5.29734 39.5357 11.9079
9    21.267 30.1794 29.8791 18.6745
XX
CC  program: transfac
CC  matrix.nb: 52
CC  accession: M1081_0.90.txt_1
CC  AC: M1081_0.90.txt_1
CC  id: M1081_0.90.txt_1
CC  name: LHX6
CC  version: 
CC  name: LHX6
CC  description: sytrattrs
CC  transfac_consensus: 
CC  matrix.nb: 52
XX
//
AC  M1016_0.90.txt_1
XX
ID  LHX4
XX
DE  rsbwrattrg
P0       A     C     G     T
1    25.3051 23.8314 27.9665 22.897
2    24.2653 30.2365 26.0248 19.4734
3    19.5915 26.4458 27.2512 26.7116
4    28.9959 18.4886 18.4886 34.027
5    35.607 15.8401 28.0095 20.5435
6    79.3922 0.782235 14.2164 5.60915
7    13.0027 7.57728 14.3702 65.0499
8    10.8948 19.265 18.5096 51.3306
9    48.7798 4.42521 37.2375 9.55741
10   23.0097 23.9487 31.372 21.6697
XX
CC  program: transfac
CC  matrix.nb: 53
CC  accession: M1016_0.90.txt_1
CC  AC: M1016_0.90.txt_1
CC  id: M1016_0.90.txt_1
CC  name: LHX4
CC  version: 
CC  name: LHX4
CC  description: rsbwrattrg
CC  transfac_consensus: 
CC  matrix.nb: 53
XX
//
AC  M0887_0.90.txt_1
XX
ID  LHX3
XX
DE  wwytaatta
P0       A     C     G     T
1    33.6764 19.4296 19.0449 27.849
2    29.3592 18.7202 21.9684 29.9522
3    14.3147 29.116 15.6628 40.9065
4    6.09209 24.2154 1.18174 68.5107
5    76.8466 12.8303 7.40245 2.92066
6    95.439 1.85612 1.69636 1.00852
7    3.55488 1.62958 1.28187 93.5337
8    15.0061 19.6574 7.45179 57.8848
9    58.2945 7.35593 13.5381 20.8115
XX
CC  program: transfac
CC  matrix.nb: 54
CC  accession: M0887_0.90.txt_1
CC  AC: M0887_0.90.txt_1
CC  id: M0887_0.90.txt_1
CC  name: LHX3
CC  version: 
CC  name: LHX3
CC  description: wwytaatta
CC  transfac_consensus: 
CC  matrix.nb: 54
XX
//
AC  M0899_0.90.txt_1
XX
ID  LHX1
XX
DE  wwyyaatta
P0       A     C     G     T
1    34.3621 17.7601 20.0244 27.8534
2    29.3451 18.3408 23.55 28.7641
3    17.1737 26.9337 19.1706 36.7221
4    11.0672 34.9523 4.87434 49.1062
5    63.1899 15.5824 10.1365 11.0911
6    90.3684 2.84026 3.68361 3.10774
7    6.51561 3.57584 1.30239 88.6062
8    8.80016 13.5281 8.62591 69.0458
9    70.9395 4.72008 9.13238 15.2081
XX
CC  program: transfac
CC  matrix.nb: 55
CC  accession: M0899_0.90.txt_1
CC  AC: M0899_0.90.txt_1
CC  id: M0899_0.90.txt_1
CC  name: LHX1
CC  version: 
CC  name: LHX1
CC  description: wwyyaatta
CC  transfac_consensus: 
CC  matrix.nb: 55
XX
//
AC  M1478_0.90.txt_1
XX
ID  LEF1
XX
DE  aswtcaaagr
P0       A     C     G     T
1    48.7159 13.4101 19.221 18.653
2    10.3241 36.7628 41.0375 11.8756
3    63.9521 4.17091 2.26627 29.6107
4    11.8677 3.50372 1.21388 83.4147
5    10.7632 67.7712 13.4118 8.05374
6    87.4585 1.71801 1.32467 9.49879
7    80.9823 5.89574 8.62126 4.50069
8    75.8453 1.40312 9.96118 12.7904
9    18.2254 17.5107 57.5592 6.70473
10   28.4337 18.3124 40.3494 12.9045
XX
CC  program: transfac
CC  matrix.nb: 56
CC  accession: M1478_0.90.txt_1
CC  AC: M1478_0.90.txt_1
CC  id: M1478_0.90.txt_1
CC  name: LEF1
CC  version: 
CC  name: LEF1
CC  description: aswtcaaagr
CC  transfac_consensus: 
CC  matrix.nb: 56
XX
//
AC  M0395_0.90.txt_1
XX
ID  EGR1
XX
DE  tgmgkgggcg
